X <-
c(2.58149532996282, -0.0718516194064089, 1.42038865426126, -1.37659728883002, 
1.72124375045492, 2.10362705812439, -2.41781086384669, 0.169882473231012, 
-8.32195533637595, -1.45477131010805, 3.59330597058223, 4.30810802241226, 
2.32522144296217, -1.65578774883629, -4.96156262040008, -4.58581891275726, 
-0.637805239157977, 1.15067689661047, 2.32973727632205, -2.00892453051834, 
3.11748272425366, 2.74588430376237, 3.29562649341158, 3.11447750350544, 
1.60102055614816, 0.854107854110834, -2.41893036044902, 4.52292177535131, 
-4.76503310669293, -3.45631464393941, -2.10389719821918, 2.12710489440485, 
2.13591137161846, 3.34244928744615, 0.802258130299042, 0.731311307986603, 
-1.2566135997893, 0.379510708460838, 1.30221838317194, -1.40726852885034, 
-2.3155487293429, -2.58363858283553, 0.0560457391351557, 3.65108580188299, 
2.85198596769325, 0.686233657595807, 5.54495463492255, 3.24071428001943, 
1.61884967955265, 5.60652543309485, 4.03783820405729, -3.0914161411535, 
-3.71633133835932, 4.05927655055434, 0.999313650093999, -2.65510564608977, 
1.10933457088824, -1.38138640863897, -5.17411803521172, 3.55544388482519, 
-1.01803618087443, -6.55702460670746, 0.16728143273372, 1.46685122416419, 
-4.33770631398204, -2.89241236044466, 0.598363788292973, -8.0063138665847, 
-2.25752858892101, -1.63345546463299, 1.71111868807972, 0.648048692533879, 
0.0759608808678594, -4.47284677787572, 0.689917129979507)
Y <-
structure(c(4, 4, 4, 4, 4, 0, 3, 0, 0, 4, 0, 0, 4, 3, 4, 4, 4, 
4, 0, 4, 4, 3, 4, 0, 4, 3, 4, 0, 3, 4, 4, 3, 3, 0, 4, 0, 0, 0, 
4, 0, 0, 3, 0, 0, 0, 4, 4, 4, 4, 0, 3, 4, 3, 4, 4, 2, 3, 0, 4, 
0, 4, 0, 4, 4, 4, 0, 4, 0, 3, 3, 0, 0, 0, 4, 0, 3, 0, 0, 0, 0, 
0, 4, 3, 4, 4, 4, 0, 4, 0, 0, 0, 0, 4, 3, 4, 4, 0, 3, 0, 4, 0, 
4, 0, 0, 1, 4, 4, 4, 0, 0, 0, 4, 0, 0, 0, 0, 3, 4, 4, 4, 3, 4, 
2, 0, 3, 4, 4, 4, 4, 0, 3, 0, 4, 4, 3, 0, 3, 0, 3, 4, 4, 4, 4, 
0, 4, 4, 2, 0, 2, 4, 0, 4, 0, 4, 0, 4, 0, 4, 0, 0, 0, 4, 4, 4, 
0, 4, 3, 4, 0, 3, 0, 4, 0, 0, 0, 0, 0, 4, 3, 4, 0, 0, 0, 4, 0, 
4, 0, 0, 4, 4, 3, 4, 0, 0, 0, 0, 0, 4, 0, 0, 3, 0, 4, 4, 0, 0, 
3, 4, 4, 4, 4, 3, 4, 3, 4, 0, 4, 3, 4, 4, 4, 4, 4, 0, 4, 0, 2, 
0, 0, 0, 0, 0, 0, 0, 0, 0, 2, 4, 3, 0, 3, 4, 3, 0, 3, 0, 4, 4, 
3, 0, 4, 0, 4, 0, 4, 0, 3, 0, 4, 4, 4, 0, 0, 0, 3, 0, 3, 0, 4, 
4, 4, 0, 2, 0, 4, 0, 4, 4, 4, 0, 4, 0, 0, 4, 4, 4, 4, 0, 0, 4, 
4, 2, 4, 4, 3, 0, 3, 2, 0, 0, 4, 3, 4, 4, 3, 4, 0, 4, 0, 4, 4, 
0, 0, 0, 0, 3, 0, 0, 2, 0, 3, 4, 2, 3, 4, 4, 4, 0, 4, 4, 3, 4, 
4, 4, 0, 0, 0, 0, 0, 3, 0, 0, 4, 0, 4, 4, 4, 3, 0, 0, 0, 0, 0, 
3, 0, 0, 3, 4, 3, 3, 0, 4, 0, 4, 0, 0, 4, 4, 0, 3, 1, 4, 4, 4, 
4, 3, 3, 0, 3, 4, 4, 0, 0, 0, 4, 4, 3, 0, 4, 4, 4, 4, 0, 0, 4, 
0, 4, 0, 4, 4, 4, 0, 0, 4, 4, 0, 0, 0, 4, 0, 4, 0, 4, 0, 0, 4, 
0, 0, 0, 0, 4, 0, 0, 4, 4, 0, 4, 4, 4, 0, 3, 0, 4, 0, 0, 4, 0, 
0, 4, 4, 4, 4, 2, 4, 4, 3, 4, 4, 4, 4, 0, 0, 0, 3, 0, 4, 4, 4, 
4, 0, 4, 4, 3, 4, 4, 3, 3, 4, 4, 4, 0, 4, 0, 4, 3, 4, 3, 4, 4, 
4, 0, 4, 0, 4, 0, 0, 0, 0, 3, 2, 0, 4, 0, 4, 0, 4, 0, 0, 0, 0, 
4, 4, 4, 4, 4, 0, 4, 3, 4, 0, 4, 4, 0, 4, 4, 4, 4, 3, 4, 0, 3, 
4, 3, 4, 4, 0, 0, 0, 3, 4, 4, 0, 4, 4, 0, 3, 2, 0, 0, 0, 0, 0, 
3, 0, 4, 0, 4, 4, 3, 4, 0, 4, 4, 2, 3, 4, 3, 4, 4, 4, 4, 3, 4, 
0, 4, 0, 4, 0, 4, 4, 4, 4, 0, 0, 3, 0, 4, 3, 4, 0, 4, 4, 4, 4, 
3, 4, 0, 0, 4, 0, 4, 0, 4, 0, 2, 4, 4, 0, 0, 0, 3, 4, 4, 0, 4, 
0, 0, 4, 3, 0, 0, 0, 0, 3, 0, 4, 0, 0, 0, 0, 0, 3, 3, 4, 0, 0, 
0, 4, 0, 3, 0, 0, 4, 4, 4, 3, 4, 3, 3, 0, 4, 0, 3, 4, 0, 4, 0, 
0, 3, 4, 0, 4, 4, 0, 0, 4, 4, 0, 0, 0, 0, 0, 0, 4, 0, 4, 0, 0, 
3, 4, 2, 3, 4, 0, 4, 4, 4, 3, 3, 4, 4, 4, 2, 0, 0, 4, 0, 4, 4, 
0, 4, 0, 0, 3, 3, 4, 0, 4, 0, 0, 0, 0, 4, 0, 0, 4, 3, 4, 4, 0, 
4, 2, 3, 0, 3, 4, 3, 0, 0, 0, 4, 0, 0, 3, 0, 4, 3, 0, 4, 0, 0, 
4, 0, 4, 0, 3, 0, 0, 0, 0, 0, 4, 2, 4, 4, 4, 0, 0, 3, 4, 4, 4, 
0, 0, 3, 0, 4, 0, 0, 4, 2, 4, 0, 4, 0, 0, 3, 0, 0, 4, 0, 4, 0, 
0, 0, 0, 0, 0, 3, 4, 0, 0, 0, 0, 0, 0, 0, 0, 3, 4, 0, 4, 4, 4, 
3, 3, 3, 3, 3, 4, 3, 0, 3, 0, 0, 0, 0, 4, 0, 0, 0, 0, 2, 4, 3, 
4, 0, 4, 4, 0, 0, 4, 4, 0, 0, 4, 3, 4, 0, 3, 0, 4, 0, 4, 0, 0, 
0, 4, 4, 4, 4, 3, 4, 0, 4, 4, 0, 4, 0, 4, 0, 0, 4, 0, 0, 0, 4, 
4, 0, 4, 3, 0, 0, 0, 0, 4, 0, 0, 2, 4, 3, 4, 3, 2, 2, 3, 0, 3, 
0, 4, 0, 3, 0, 0, 3, 2, 4, 4, 0, 4, 4, 3, 3, 4, 4, 0, 3, 0, 0, 
2), .Dim = c(12L, 75L))
K <-
75L
N <-
12L
J <-
4
