X <-
c(1.7828694702264, 1.60759468486186, 1.32158160789331, -0.413447242156715, 
4.65424588210288, 1.90193683196463, 5.18268284947654, 0.996278170453462, 
2.25395151408424, 0.65940622630206, 0.0448263517633078, 2.33725138006336, 
1.43485321029642, 3.64856804838848, 2.68072187711565, 1.22226987806018, 
-1.66039892473311, -1.24830560501738, 3.52176990369852, 1.87188438973866, 
1.49134069700955, 1.62507740095527, 4.6085270450911, -1.62489408120417, 
2.41640601310356, 6.14865315237786, 3.31938914112123, 3.68339121079152, 
-0.750418133056815, 2.18234163498902, 1.45098353263664, 1.2866299121578, 
0.735255519485714, -0.166805943809482, 0.626308718919441, -1.48722097951279, 
3.01869015111784, 0.125031691374141, 0.230400800844247, 0.364541497843019, 
4.44097308546226, 0.547893215229373, 3.51985870675649, 1.78729522607388, 
3.9598750323186, 3.71249303169435, -2.08400427399085, -1.76060629509455, 
1.52200201930677, -0.0343503949253599, 1.43970161402389, 0.666051648945565, 
0.37554933981028, 1.85537736801652, 0.0218458888964714, 3.35319175512554, 
0.76734402759317, 5.91008155998393, -1.98202584870292, 2.29756150813382, 
1.78781854006823, 0.560139452601403, 0.475815601139789, -1.91743677862368, 
0.809667108751032, 2.46950076208993, 2.20994476459775, 1.74477961576571, 
1.3363521806793, -1.28907742161201, 0.74349718267146, -0.0905297141377475, 
0.596833502660274, -0.245844380151346, -0.0471793668197169)
Y <-
structure(c(0, 0, 3, 2, 0, 0, 2, 1, 1, 2, 0, 0, 2, 0, 3, 1, 0, 
4, 1, 0, 2, 3, 0, 3, 0, 0, 0, 0, 1, 4, 0, 0, 0, 0, 0, 2, 0, 2, 
0, 0, 0, 3, 1, 0, 0, 0, 2, 1, 2, 0, 2, 0, 3, 3, 2, 0, 1, 3, 0, 
3, 1, 0, 3, 0, 3, 3, 0, 0, 0, 3, 0, 0, 0, 0, 0, 0, 2, 1, 0, 1, 
0, 2, 0, 2, 0, 0, 2, 0, 3, 0, 2, 0, 3, 3, 0, 2, 0, 0, 0, 1, 1, 
0, 0, 1, 1, 0, 3, 4, 2, 0, 0, 0, 0, 0, 0, 0, 4, 1, 1, 3, 1, 2, 
0, 0, 0, 2, 1, 1, 3, 0, 1, 2, 1, 1, 0, 0, 0, 0, 0, 0, 0, 1, 0, 
0, 1, 0, 3, 1, 0, 1, 2, 2, 0, 1, 0, 0, 1, 0, 0, 0, 0, 3, 0, 0, 
4, 0, 0, 3, 1, 0, 2, 0, 0, 4, 2, 0, 0, 3, 0, 3, 1, 1, 0, 2, 3, 
3, 0, 0, 2, 0, 0, 3, 0, 2, 2, 1, 0, 0, 1, 1, 0, 0, 4, 0, 0, 3, 
0, 0, 0, 0, 0, 0, 0, 0, 3, 0, 4, 0, 3, 3, 2, 4, 0, 1, 1, 1, 0, 
2, 1, 0, 0, 0, 0, 4, 1, 0, 3, 0, 0, 2, 1, 0, 3, 0, 2, 3, 1, 2, 
2, 1, 0, 3, 1, 0, 0, 2, 0, 2, 0, 0, 1, 0, 0, 2, 0, 0, 0, 1, 3, 
2, 0, 1, 0, 1, 0, 1, 0, 2, 1, 0, 0, 3, 0, 1, 0, 0, 3, 2, 0, 0, 
0, 0, 0, 3, 0, 1, 0, 0, 0, 3, 2, 0, 2, 0, 0, 3, 0, 0, 0, 1, 0, 
2, 0, 0, 0, 0, 4, 3, 0, 0, 1, 1, 0, 0, 1, 0, 4, 0, 3, 0, 0, 0, 
1, 3, 0, 3, 0, 4, 0, 1, 0, 2, 0, 0, 0, 1, 3, 2, 1, 0, 0, 3, 2, 
4, 1, 0, 0, 0, 3, 2, 0, 2, 2, 0, 0, 1, 0, 0, 1, 2, 0, 0, 2, 0, 
0, 0, 3, 3, 0, 0, 0, 0, 0, 2, 0, 1, 4, 1, 2, 0, 0, 2, 0, 0, 0, 
2, 0, 3, 0, 0, 2, 1, 1, 2, 0, 1, 0, 0, 0, 0, 0, 1, 0, 1, 0, 0, 
0, 0, 3, 0, 2, 0, 0, 0, 0, 0, 0, 0, 3, 2, 3, 3, 0, 0, 0, 0, 3, 
4, 1, 0, 0, 1, 0, 0, 0, 2, 0, 2, 0, 0, 1, 1, 3, 0, 2, 0, 0, 0, 
3, 0, 4, 2, 1, 0, 0, 1, 3, 3, 0, 0, 0, 2, 0, 3, 0, 0, 1, 4, 2, 
0, 2, 0, 2, 0, 2, 3, 0, 0, 3, 3, 2, 1, 1, 0, 3, 2, 2, 2, 0, 1, 
3, 1, 0, 4, 0, 2, 0, 0, 4, 3, 0, 4, 3, 3, 0, 2, 2, 3, 0, 0, 3, 
3, 2, 2, 1, 2, 4, 0, 1, 0, 3, 0, 3, 3, 1, 1, 0, 1, 0, 1, 1, 0, 
0, 0, 2, 3, 0, 1, 1, 4, 0, 0, 0, 2, 4, 1, 0, 3, 0, 0, 0, 0, 2, 
1, 0, 3, 0, 1, 0, 0, 3, 3, 0, 0, 3, 0, 1, 3, 0, 0, 1, 4, 0, 0, 
1, 0, 0, 1, 0, 2, 0, 0, 3, 3, 0, 0, 1, 0, 0, 2, 0, 3, 0, 0, 0, 
2, 0, 0, 0, 2, 2, 1, 0, 0, 0, 0, 0, 0, 1, 0, 2, 2, 1, 2, 1, 0, 
4, 0, 3, 4, 0, 0, 1, 3, 0, 2, 1, 0, 3, 0, 2, 0, 0, 0, 0, 2, 0, 
2, 0, 0, 0, 2, 0, 3, 1, 1, 1, 3, 2, 0, 1, 0, 4, 0, 0, 1, 0, 3, 
3, 3, 0, 3, 0, 0, 4, 1, 0, 0, 0, 0, 0, 3, 2, 2, 1, 0, 0, 0, 0, 
4, 0, 0, 4, 3, 0, 2, 0, 3, 0, 1, 1, 0, 1, 1, 0, 3, 3, 0, 0, 0, 
0, 1, 2, 0, 0, 0, 1, 3, 0, 0, 1, 0, 1, 0, 0, 0, 0, 2, 0, 2, 4, 
2, 0, 2, 2, 0, 1, 0, 0, 1, 0, 2, 2, 2, 2, 3, 0, 3, 0, 0, 0, 0, 
3, 4, 1, 0, 1, 4, 3, 0, 0, 2, 2, 1, 0, 1, 3, 0, 1, 0, 0, 0, 2, 
2, 1, 0, 0, 4, 0, 0, 1, 0, 0, 0, 3, 0, 0, 0, 2, 3, 0, 2, 0, 0, 
2, 0, 0, 3, 0, 0, 2, 0, 0, 1, 1, 0, 4, 2, 2, 3, 1, 2, 1, 0, 0, 
3, 0, 2, 0, 3, 3, 0, 0, 0, 3, 0, 0, 1, 0, 3, 3, 0, 0, 0, 0, 1, 
0, 0, 3, 1, 2, 1, 3, 0, 0, 0, 1, 2, 0, 3, 0, 1, 2, 0, 2, 2, 4, 
0, 0, 1, 0, 0, 0, 3, 2, 1, 0, 0, 0, 0, 0, 0, 1, 2, 2, 3, 1, 2, 
0, 0, 0, 0, 2, 0, 1, 0, 3, 0, 0, 3, 0, 2, 0, 0, 0, 2, 1, 3, 3, 
0), .Dim = c(12L, 75L))
K <-
75L
N <-
12L
J <-
4
